0	0.400933
1	0.222359
2	0.04771
3	0.25154
4	0.049445
5	0.200943
6	0.018722
7	0.254786
8	0.05508
9	0.424917
10	0.222501
11	0.029928
12	0.030557
13	0.350906
14	0.069487
15	0.040983
16	0.169287
17	0.08562
18	0.012728
19	0.084622
20	0.095843
21	0.382558
22	0.168735
23	0.056504
24	0.109069
25	0.421025
26	0.375759
27	0.051852
28	0.061349
29	0.174967
30	0.288237
31	0.315722
32	0.060312
33	0.024761
34	0.12002
35	0.01872
36	0.080876
37	0.024382
38	0.111134
39	0.212057
40	0.368579
41	0.076979
42	0.018012
43	0.012493
44	0.061297
45	0.201914
46	0.025135
47	0.013404
48	0.270339
49	0.011951
50	0.153493
51	0.069965
52	0.046638
53	0.279936
54	0.117267
55	0.285241
56	0.434216
57	0.197309
58	0.20202
59	0.279829
60	0.185085
61	0.042025
62	0.275759
63	0.189604
64	0.074912
65	0.207871
66	0.215014
67	0.395635
68	0.085224
69	0.150867
70	0.031446
71	0.042243
72	0.312387
73	0.152082
74	0.006484
75	0.222852
76	0.061339
77	0.097621
78	0.062508
79	0.223122
80	0.265779
81	0.058727
82	0.296299
83	0.114083
84	0.152914
85	0.21851
86	0.029141
87	0.16441
88	0.223959
89	0.042674
90	0.018965
91	0.061057
92	0.164016
93	0.029683
94	0.217101
95	0.060104
96	0.099017
97	0.04723
98	0.372426
99	0.048004
100	0.121082
101	0.159084
102	0.065915
103	0.296702
104	0.383357
105	0.265754
106	0.122355
107	0.57025
108	0.124234
109	0.383498
110	0.041847
111	0.056482
112	0.043129
113	0.330025
114	0.024979
115	0.123194
116	0.096739
117	0.05612
118	0.344578
119	0.400079
120	0.109725
121	0.144761
122	0.43896
123	0.281567
124	0.067202
125	0.127286
126	0.094796
127	0.142649
128	0.298195
129	0.087017
130	0.201815
131	0.060282
132	0.16918
133	0.27207
134	0.2679
135	0.078376
136	0.572585
137	0.065316
138	0.024481
139	0.085036
140	0.073652
141	0.297333
142	0.342025
143	0.060376
144	0.089641
145	0.017586
146	0.163474
147	0.0421
148	0.295759
149	0.11483
150	0.107442
151	0.058344
152	0.047504
153	0.040463
154	0.032587
155	0.037447
156	0.231369
157	0.024806
158	0.252877
159	0.175412
160	0.018653
161	0.341523
162	0.051023
163	0.090428
164	0.026497
165	0.199205
166	0.041112
167	0.057046
168	0.192503
169	0.342075
170	0.423786
171	0.217175
172	0.354338
173	0.159928
174	0.019584
175	0.103001
176	0.213776
177	0.075217
178	0.187168
179	0.018552
180	0.123382
181	0.037254
182	0.009473
183	0.036833
184	0.213471
185	0.349232
186	0.378103
187	0.191057
188	0.419913
189	0.095521
190	0.041065
191	0.054669
192	0.03869
193	0.036628
194	0.165392
195	0.056554
196	0.176613
197	0.09363
198	0.07747
199	0.361458
200	0.39256
201	0.031513
202	0.045066
203	0.395838
204	0.237856
205	0.03741
206	0.042419
207	0.109824
208	0.157207
209	0.018383
210	0.011805
211	0.308373
212	0.280285
213	0.338688
214	0.113263
215	0.025298
216	0.031005
217	0.140399
218	0.043845
219	0.052654
220	0.031114
221	0.16772
222	0.224751
223	0.357286
224	0.274751
225	0.04337
226	0.122922
227	0.058562
228	0.047757
229	0.103966
230	0.04944
231	0.325071
232	0.358715
233	0.035858
234	0.056875
235	0.120768
236	0.33156
237	0.119128
238	0.346994
239	0.399354
240	0.048383
241	0.036811
242	0.294516
243	0.032404
244	0.042426
245	0.037608
246	0.210896
247	0.039433
248	0.289176
249	0.197202
250	0.068742
251	0.146809
252	0.4051
253	0.060795
254	0.134444
255	0.035212
256	0.054669
257	0.243934
258	0.203137
259	0.036435
260	0.100795
261	0.412585
262	0.047242
263	0.03028
264	0.013637
265	0.320161
266	0.190824
267	0.019827
268	0.185296
269	0.087863
270	0.086546
271	0.397589
272	0.334588
273	0.072164
274	0.168574
275	0.048675
276	0.21767
277	0.37382
278	0.074689
279	0.036403
280	0.345454
281	0.12561
282	0.023335
283	0.037509
284	0.140802
285	0.3782
286	0.024281
287	0.024372
288	0.079552
289	0.054437
290	0.279403
291	0.35311
292	0.036878
293	0.02485
294	0.049943
295	0.171973
296	0.081632
297	0.356841
298	0.176828
299	0.144957
300	0.086952
301	0.011971
302	0.214506
303	0.304184
304	0.3882
305	0.012822
306	0.045125
307	0.04721
308	0.313501
309	0.089646
310	0.071042
311	0.13459
312	0.120394
313	0.311228
314	0.205338
315	0.358255
316	0.018794
317	0.135375
318	0.181641
319	0.036274
320	0.186096
321	0.047036
322	0.37644
323	0.379052
324	0.245558
325	0.293214
326	0.119656
327	0.03179
328	0.05433
329	0.286871
330	0.186979
331	0.299148
332	0.353592
333	0.077517
334	0.305893
335	0.048851
336	0.055217
337	0.074414
338	0.08415
339	0.251711
340	0.14921
341	0.191817
342	0.350805
343	0.062025
344	0.220109
345	0.286667
346	0.214536
347	0.10773
348	0.57559
414	0.563704
428	0.569421
1684	0.569384
1912	0.574694
2814	0.052147
2838	0.099747
2885	0.066115
3003	0.082372
3173	0.348245
3290	0.070537
353	0.574328
363	0.575157
366	0.572602
376	0.585588
389	0.544023
420	0.518713
475	0.571632
483	0.581483
484	0.576487
517	0.567655
526	0.569552
538	0.55895
563	0.563994
566	0.557395
580	0.579119
596	0.532548
601	0.47388
606	0.577688
629	0.348255
637	0.584202
641	0.569963
649	0.091793
651	0.546395
896	0.572961
897	0.561963
898	0.520792
899	0.077205
900	0.284786
901	0.490995
902	0.547093
903	0.452827
904	0.022956
905	0.351649
906	0.568742
907	0.359817
908	0.411243
909	0.156826
910	0.053545
911	0.034541
912	0.172993
913	0.521265
914	0.393788
915	0.512181
916	0.581607
917	0.57694
918	0.057705
919	0.475021
920	0.274011
921	0.573068
922	0.482936
923	0.168066
924	0.501117
925	0.575576
926	0.418361
927	0.552218
928	0.153303
929	0.153117
930	0.564892
931	0.292709
932	0.573635
933	0.445103
934	0.575499
935	0.167873
936	0.523709
937	0.139963
938	0.453724
939	0.254117
940	0.380025
941	0.538458
942	0.574887
943	0.274417
944	0.475702
945	0.128274
946	0.574622
947	0.58073
948	0.47689
949	0.444786
950	0.204499
951	0.339354
952	0.578482
953	0.572426
954	0.557925
955	0.093355
956	0.06567
957	0.554707
958	0.388341
959	0.541565
960	0.571
961	0.252466
962	0.509418
963	0.423538
964	0.458116
965	0.337376
966	0.571733
967	0.583664
968	0.551602
969	0.491958
970	0.309864
971	0.507036
972	0.417064
973	0.372315
974	0.24696
975	0.563122
976	0.402652
977	0.413662
978	0.571322
979	0.096544
980	0.569908
981	0.545873
982	0.567891
983	0.557952
984	0.572263
985	0.159388
986	0.300205
987	0.09695
988	0.538616
989	0.507848
990	0.430079
991	0.298661
992	0.454657
993	0.576606
994	0.478997
995	0.556767
996	0.070386
997	0.566351
998	0.242399
999	0.571255
1000	0.2385
1001	0.556757
1002	0.087247
1003	0.583298
1004	0.563112
1005	0.325199
1006	0.575977
1007	0.363053
1008	0.224615
1009	0.561389
1010	0.459562
1011	0.49411
1012	0.518299
1013	0.279886
1014	0.576923
1015	0.53048
1016	0.081273
1017	0.57663
1018	0.556516
1019	0.571773
1020	0.564026
1021	0.56898
1022	0.148997
1023	0.188168
1024	0.576006
1025	0.458653
1026	0.580089
1027	0.045566
1028	0.574521
1029	0.559619
1030	0.112491
1031	0.128428
1032	0.569287
1033	0.248143
1034	0.083875
1035	0.432865
1036	0.559505
1037	0.489743
1038	0.137215
1039	0.455288
1040	0.564313
1041	0.557098
1042	0.309695
1043	0.121513
1044	0.496197
1045	0.115932
1046	0.05488
1047	0.573575
1048	0.568722
1049	0.574553
1050	0.207381
1051	0.544647
1052	0.564917
1053	0.153672
1054	0.553783
1055	0.247913
1056	0.572236
1057	0.069938
1058	0.179453
1059	0.561533
1060	0.556244
1061	0.214511
1062	0.352392
1063	0.396224
1064	0.371386
1065	0.062966
1066	0.578207
1067	0.566338
1068	0.550723
1069	0.402711
1070	0.567019
1071	0.046373
1072	0.452644
1073	0.238116
1074	0.571382
1075	0.576645
1076	0.571944
1077	0.248958
1078	0.576712
1079	0.579859
1080	0.551089
1081	0.473058
1082	0.558609
1083	0.566809
1084	0.363578
1085	0.45953
1086	0.578103
1087	0.114382
1088	0.223224
1089	0.306663
1090	0.229086
1091	0.439765
1092	0.539176
1093	0.189938
1094	0.21564
1095	0.414308
1096	0.040634
1097	0.441671
1098	0.366767
1099	0.554256
1100	0.560822
1101	0.575479
1102	0.545566
1103	0.209757
1104	0.577165
1105	0.087653
1106	0.434947
1107	0.578403
1108	0.542241
1109	0.504417
1110	0.566088
1111	0.103892
1112	0.542907
1113	0.539988
1114	0.550205
1115	0.514637
1116	0.476321
1117	0.565536
1118	0.408406
1119	0.044702
1120	0.53845
1121	0.397678
1122	0.542384
1123	0.583803
1124	0.573446
1125	0.577059
1126	0.579723
1127	0.339391
1128	0.572478
1129	0.570933
1130	0.577933
1131	0.474892
1132	0.579119
1133	0.12336
1134	0.23052
1135	0.56157
1136	0.442808
1137	0.411171
1138	0.111669
1139	0.455266
1140	0.225766
1141	0.399901
1142	0.524154
1143	0.292446
1144	0.281265
1145	0.056006
1146	0.569237
1147	0.163664
1148	0.556868
1149	0.574907
1150	0.267596
1151	0.199086
1152	0.373097
1153	0.583191
1154	0.22
1155	0.533491
1156	0.575655
1157	0.092736
1158	0.564286
1159	0.569232
1160	0.573055
1161	0.355868
1162	0.186952
1163	0.581542
1164	0.491003
1165	0.411793
1166	0.562723
1167	0.48257
1168	0.114261
1169	0.363444
1170	0.536232
1171	0.366705
1172	0.579953
1173	0.579284
1174	0.324536
1175	0.575999
1176	0.053627
1177	0.161949
1178	0.267598
1179	0.529086
1180	0.538876
1181	0.58078
1182	0.577373
1183	0.50844
1184	0.572256
1185	0.570859
1186	0.300943
1187	0.346774
1188	0.481315
1189	0.539896
1190	0.545011
1191	0.569336
1192	0.56228
1193	0.159086
1194	0.055038
1195	0.548727
1196	0.461342
1197	0.206974
1198	0.580572
1199	0.570914
1200	0.079978
1201	0.576442
1202	0.107658
1203	0.195311
1204	0.571864
1205	0.57076
1206	0.047118
1207	0.574489
1208	0.06717
1209	0.573073
1210	0.480426
1211	0.566103
1212	0.416856
1213	0.302553
1214	0.565598
1215	0.535831
1216	0.487628
1217	0.538388
1218	0.11543
1219	0.548641
1220	0.240188
1221	0.559604
1222	0.571817
1223	0.423337
1224	0.046851
1225	0.463214
1226	0.480302
1227	0.564172
1228	0.412152
1229	0.560235
1230	0.577836
1231	0.576247
1232	0.445073
1233	0.071414
1234	0.281906
1235	0.57306
1236	0.51945
1237	0.546645
1238	0.580708
1239	0.300943
1240	0.092778
1241	0.431513
1242	0.574075
1243	0.572471
1244	0.266214
1245	0.496148
1246	0.532733
1247	0.461265
1248	0.154769
1249	0.358552
1250	0.573377
1251	0.261904
1252	0.044486
1253	0.048106
1254	0.090208
1255	0.581708
1256	0.575841
1257	0.566346
1258	0.539012
1259	0.524192
1260	0.525833
1261	0.567388
1262	0.085937
1263	0.179163
1264	0.108789
1265	0.476554
1266	0.225296
1267	0.580517
1268	0.274949
1269	0.570119
1270	0.017492
1271	0.571557
1272	0.569683
1273	0.555954
1274	0.411906
1275	0.56176
1276	0.082884
1277	0.574749
1278	0.494152
1279	0.546256
1280	0.577868
1281	0.535699
1282	0.575838
1283	0.473417
1284	0.577554
1285	0.555353
1286	0.469646
1287	0.573657
1288	0.577381
1289	0.579881
1290	0.576254
1291	0.578242
1292	0.559364
1293	0.567269
1294	0.393612
1295	0.089487
1296	0.424395
1297	0.081956
1298	0.574169
1299	0.474075
1300	0.532699
1301	0.154954
1302	0.579542
1303	0.551805
1304	0.479634
1305	0.576103
1306	0.431963
1307	0.422498
1308	0.350656
1309	0.536846
1310	0.431337
1311	0.436358
1312	0.572567
1313	0.51845
1314	0.412939
1315	0.532815
1316	0.498772
1317	0.317381
1318	0.531958
1319	0.446474
1320	0.573199
1321	0.406596
1322	0.575999
1323	0.568151
1324	0.5577
1325	0.263179
1326	0.01435
1327	0.54151
1328	0.348628
1329	0.578804
1330	0.576638
1331	0.562936
1332	0.573048
1333	0.431231
1334	0.566997
1335	0.573023
1336	0.555506
1337	0.427965
1338	0.556021
1339	0.571545
1340	0.571795
1341	0.575402
1342	0.211213
1343	0.502845
1344	0.5797
1345	0.569691
1346	0.086885
1347	0.581736
1348	0.496546
1349	0.540557
1350	0.524192
1351	0.570567
1352	0.574078
1353	0.0754
1354	0.133781
1355	0.523238
1356	0.311213
1357	0.512761
1358	0.57388
1359	0.577116
1360	0.438678
1361	0.571151
1362	0.076724
1363	0.35825
1364	0.309304
1365	0.542783
1366	0.569416
1367	0.580097
1368	0.13306
1369	0.544137
1370	0.586385
1371	0.47646
1372	0.145949
1373	0.566351
1374	0.536425
1375	0.573063
1376	0.579522
1377	0.574229
1378	0.447537
1379	0.561718
1380	0.581317
1381	0.467282
1382	0.559151
1383	0.115298
1384	0.177779
1385	0.301305
1386	0.034323
1387	0.153536
1388	0.564444
1389	0.552305
1390	0.579116
1391	0.576888
1392	0.539225
1393	0.538074
1394	0.047145
1395	0.062649
1396	0.549648
1397	0.394011
1398	0.540267
1399	0.571689
1400	0.440928
1401	0.331221
1402	0.56227
1403	0.098599
1404	0.566202
1405	0.545214
1406	0.476462
1407	0.522919
1408	0.476715
1409	0.577492
1410	0.298039
1411	0.252624
1412	0.421255
1413	0.571617
1414	0.248014
1415	0.443657
1416	0.576883
1417	0.145175
1418	0.388235
1419	0.414236
1420	0.569049
1421	0.378413
1422	0.383399
1423	0.559339
1424	0.31485
1425	0.497908
1426	0.563959
1427	0.570537
1428	0.479473
1429	0.538799
1430	0.071488
1431	0.570495
1432	0.573305
1433	0.345801
1434	0.298534
1435	0.568562
1436	0.467259
1437	0.544298
1438	0.477017
1439	0.385647
1440	0.460931
1441	0.249299
1442	0.121852
1443	0.249824
1444	0.491701
1445	0.163513
1446	0.549624
1447	0.57926
1448	0.553221
1449	0.566175
1450	0.369599
1451	0.479077
1452	0.400716
1453	0.37693
1454	0.514712
1455	0.168569
1456	0.584761
1457	0.571188
1458	0.500461
1459	0.572359
1460	0.58105
1461	0.164249
1462	0.570111
1463	0.281119
1464	0.501857
1465	0.574288
1466	0.034885
1467	0.571411
1468	0.439584
1469	0.551476
1470	0.567886
1471	0.577247
1472	0.571743
1473	0.554432
1474	0.094734
1475	0.566029
1476	0.091795
1477	0.199557
1478	0.315311
1479	0.578012
1480	0.567752
1481	0.322567
1482	0.521302
1483	0.573003
1484	0.414647
1485	0.553545
1486	0.081169
1487	0.561183
1488	0.576682
1489	0.398022
1490	0.234885
1491	0.575417
1492	0.317903
1493	0.410245
1494	0.376058
1495	0.557022
1496	0.515145
1497	0.45922
1498	0.230404
1499	0.143315
1500	0.473367
1501	0.41767
1502	0.56129
1503	0.500347
1504	0.574194
1505	0.522615
1506	0.225821
1507	0.522555
1508	0.514877
1509	0.579629
1510	0.115766
1511	0.406281
1512	0.47028
1513	0.569483
1514	0.502454
1515	0.573605
1516	0.570253
1517	0.517923
1518	0.325506
1519	0.485823
1520	0.570748
1521	0.146264
1522	0.583246
1523	0.563877
1524	0.516757
1525	0.56252
1526	0.405254
1527	0.244266
1528	0.565568
1529	0.549601
1530	0.573308
1531	0.353427
1532	0.541337
1533	0.473382
1534	0.440993
1535	0.58361
1536	0.565558
1537	0.334365
1538	0.563583
1539	0.571723
1540	0.5733
1541	0.504479
1542	0.566492
1543	0.502129
1544	0.230886
1545	0.50337
1546	0.054145
1547	0.578462
1548	0.455345
1549	0.539232
1550	0.509609
1551	0.565578
1552	0.134258
1553	0.490475
1554	0.57175
1555	0.438601
1556	0.468928
1557	0.576125
1558	0.07177
1559	0.574256
1560	0.03972
1561	0.395511
1562	0.182305
1563	0.56201
1564	0.290126
1565	0.547457
1566	0.336905
1567	0.432766
1568	0.416767
1569	0.575113
1570	0.575199
1571	0.559136
1572	0.555511
1573	0.561802
1574	0.558472
1575	0.396187
1576	0.577502
1577	0.571275
1578	0.543847
1579	0.134942
1580	0.569495
1581	0.046442
1582	0.523295
1583	0.576373
1584	0.569988
1585	0.240495
1586	0.066086
1587	0.571062
1588	0.355182
1589	0.572206
1590	0.578099
1591	0.562617
1592	0.498705
1593	0.391079
1594	0.325756
1595	0.564783
1596	0.569876
1597	0.58872
1598	0.575838
1599	0.226962
1600	0.575553
1601	0.438215
1602	0.267742
1603	0.581718
1604	0.574256
1605	0.579792
1606	0.45258
1607	0.057044
1608	0.580243
1609	0.569876
1610	0.579864
1611	0.567757
1612	0.576484
1613	0.577326
1614	0.576148
1615	0.331245
1616	0.534655
1617	0.575571
1618	0.442949
1619	0.579983
1620	0.577316
1621	0.56868
1622	0.578497
1623	0.565026
1624	0.494984
1625	0.442008
1626	0.484902
1627	0.046858
1628	0.573592
1629	0.382627
1630	0.563152
1631	0.247168
1632	0.563716
1633	0.385217
1634	0.515781
1635	0.535387
1636	0.56894
1637	0.561622
1638	0.522709
1639	0.57048
1640	0.181384
1641	0.238465
1642	0.392686
1643	0.569029
1644	0.572694
1645	0.566685
1646	0.365229
1647	0.544073
1648	0.391594
1649	0.493719
1650	0.342377
1651	0.133288
1652	0.572243
1653	0.578925
1654	0.083082
1655	0.561124
1656	0.394048
1657	0.054397
1658	0.363073
1659	0.574105
1660	0.446435
1661	0.574412
1662	0.578423
1663	0.579646
1664	0.112161
1665	0.582238
1666	0.442337
1667	0.40381
1668	0.574486
1669	0.575994
1670	0.229678
1671	0.486383
1672	0.428869
1673	0.50026
1674	0.391832
1675	0.573288
1676	0.270668
1677	0.540218
1678	0.385036
1679	0.461535
1680	0.573486
1681	0.462288
1682	0.526284
1683	0.570956
1685	0.580218
1686	0.504942
1687	0.430594
1688	0.56875
1689	0.566762
1690	0.08842
1691	0.54054
1692	0.534615
1693	0.056687
1694	0.464135
1695	0.487965
1696	0.25307
1697	0.211523
1698	0.348232
1699	0.516182
1700	0.361869
1701	0.155093
1702	0.535439
1703	0.549926
1704	0.484016
1705	0.406796
1706	0.524251
1707	0.57363
1708	0.200371
1709	0.561325
1710	0.34927
1711	0.135749
1712	0.57513
1713	0.12799
1714	0.57208
1715	0.57587
1716	0.563139
1717	0.579804
1718	0.568007
1719	0.397705
1720	0.520151
1721	0.578264
1722	0.561198
1723	0.565538
1724	0.573248
1725	0.520782
1726	0.344776
1727	0.465375
1728	0.505623
1729	0.579631
1730	0.578366
1731	0.157769
1732	0.562109
1733	0.465063
1734	0.539428
1735	0.577168
1736	0.560515
1737	0.576992
1738	0.454442
1739	0.326655
1740	0.507725
1741	0.570359
1742	0.549374
1743	0.419745
1744	0.497856
1745	0.392518
1746	0.585157
1747	0.37204
1748	0.302342
1749	0.24693
1750	0.574053
1751	0.563736
1752	0.570064
1753	0.5705
1754	0.540198
1755	0.041629
1756	0.303045
1757	0.56899
1758	0.389324
1759	0.175657
1760	0.062686
1761	0.578195
1762	0.134278
1763	0.511721
1764	0.469054
1765	0.575536
1766	0.52484
1767	0.523897
1768	0.571354
1769	0.443585
1770	0.539183
1771	0.40334
1772	0.564214
1773	0.391322
1774	0.479381
1775	0.247316
1776	0.046692
1777	0.143979
1778	0.5351
1779	0.398242
1780	0.361025
1781	0.449525
1782	0.559755
1783	0.572194
1784	0.324271
1785	0.491015
1786	0.570235
1787	0.473035
1788	0.130126
1789	0.576544
1790	0.522974
1791	0.580849
1792	0.091901
1793	0.58235
1794	0.554256
1795	0.559483
1796	0.571018
1797	0.110292
1798	0.431802
1799	0.57872
1800	0.577215
1801	0.452033
1802	0.244897
1803	0.350943
1804	0.574813
1805	0.43156
1806	0.447128
1807	0.55175
1808	0.251394
1809	0.578428
1810	0.56825
1811	0.561847
1812	0.509101
1813	0.571869
1814	0.16952
1815	0.420755
1816	0.573439
1817	0.35715
1818	0.492407
1819	0.569678
1820	0.565231
1821	0.487086
1822	0.160525
1823	0.581258
1824	0.5526
1825	0.414667
1826	0.579081
1827	0.577455
1828	0.572877
1829	0.295276
1830	0.319683
1831	0.516848
1832	0.54484
1833	0.563328
1834	0.045984
1835	0.57508
1836	0.437465
1837	0.464462
1838	0.125595
1839	0.569138
1840	0.206742
1841	0.556479
1842	0.577385
1843	0.535969
1844	0.569302
1845	0.573404
1846	0.520225
1847	0.433474
1848	0.5403
1849	0.575954
1850	0.499676
1851	0.536306
1852	0.439928
1853	0.347707
1854	0.032689
1855	0.130017
1856	0.121112
1857	0.571186
1858	0.477123
1859	0.544358
1860	0.292857
1861	0.584053
1862	0.551391
1863	0.545595
1864	0.575283
1865	0.185657
1866	0.41695
1867	0.571159
1868	0.578356
1869	0.330317
1870	0.410668
1871	0.562463
1872	0.526791
1873	0.58226
1874	0.331996
1875	0.464734
1876	0.567336
1877	0.563412
1878	0.496338
1879	0.576982
1880	0.432508
1881	0.562832
1882	0.544603
1883	0.382062
1884	0.506145
1885	0.510485
1886	0.57179
1887	0.263273
1888	0.572983
1889	0.160332
1890	0.079032
1891	0.572246
1892	0.320626
1893	0.566294
1894	0.564491
1895	0.486165
1896	0.107943
1897	0.497026
1898	0.566905
1899	0.580998
1900	0.50072
1901	0.31357
1902	0.57611
1903	0.528032
1904	0.460436
1905	0.18643
1906	0.348656
1907	0.496244
1908	0.213303
1909	0.509767
1910	0.449205
1911	0.499643
1926	0.553904
1932	0.554043
1939	0.558017
1945	0.563241
1951	0.550166
1955	0.567388
1972	0.566145
1973	0.5587
1976	0.525417
1991	0.534417
1995	0.560431
1998	0.545737
2001	0.553402
2004	0.529965
2007	0.549042
2009	0.548188
2018	0.544484
2024	0.549928
2027	0.554462
2032	0.569656
2038	0.580188
2039	0.584776
2042	0.576487
2054	0.578814
2068	0.570357
2071	0.560089
2072	0.575865
2081	0.568126
2102	0.55897
2111	0.579767
2116	0.547928
2117	0.575439
2127	0.583167
2128	0.57485
2133	0.564457
2135	0.55873
2138	0.556739
2143	0.565197
2153	0.564476
2157	0.50614
2171	0.566056
2174	0.564043
2180	0.567663
2183	0.579391
2187	0.575514
2189	0.567774
2199	0.569658
2203	0.570379
2223	0.564172
2224	0.568324
2225	0.549743
2247	0.584699
2250	0.571481
2254	0.570703
2264	0.557918
2267	0.557851
2268	0.571431
2279	0.568423
2283	0.573115
2284	0.55869
2289	0.567692
2292	0.556697
2302	0.579636
2319	0.562362
2327	0.571978
2336	0.573805
2337	0.495945
2364	0.572837
2378	0.537764
2384	0.56927
2398	0.569807
2417	0.574199
2436	0.570349
2445	0.571661
2447	0.533872
2451	0.566561
2458	0.574518
2459	0.540505
2461	0.56253
2463	0.572763
2471	0.563813
2472	0.538973
2475	0.572335
2491	0.564513
2494	0.518817
2498	0.569364
2502	0.512837
2508	0.549846
2510	0.578215
2511	0.577777
2529	0.496999
2533	0.570676
2538	0.552075
2543	0.584541
2547	0.582072
2571	0.49201
2583	0.538103
2589	0.570899
2598	0.567903
2617	0.579636
2629	0.567467
2635	0.455672
2636	0.542513
2640	0.573568
2643	0.575766
2647	0.546596
2649	0.57538
2653	0.576219
2660	0.522667
2704	0.059678
2740	0.017717
427	0.199156
464	0.099218
549	0.114481
351	0.04107
364	0.055813
393	0.0505
399	0.075586
441	0.100409
476	0.075694
501	0.075865
564	0.047217
349	0.112156
350	0.317319
352	0.406608
354	0.431627
355	0.506697
356	0.066576
357	0.234598
358	0.040084
359	0.381741
360	0.533422
361	0.377039
362	0.390931
365	0.17439
367	0.478207
368	0.508497
369	0.344915
370	0.576828
371	0.127433
372	0.342087
373	0.571295
374	0.558908
375	0.44077
377	0.018737
378	0.57465
379	0.06389
380	0.206232
381	0.205197
382	0.323771
383	0.062248
384	0.068579
385	0.212565
386	0.051931
387	0.506559
388	0.498524
390	0.196294
391	0.572543
392	0.534865
394	0.519837
395	0.577289
396	0.418866
397	0.525231
398	0.514667
400	0.579411
401	0.029327
402	0.541431
403	0.366603
404	0.562
405	0.188482
406	0.111914
407	0.313382
408	0.557606
409	0.514835
410	0.293456
411	0.086039
412	0.567121
413	0.344499
415	0.421179
416	0.412451
417	0.570602
418	0.46385
419	0.548433
421	0.448616
422	0.555454
423	0.541131
424	0.258401
425	0.383008
426	0.328544
429	0.208024
430	0.523152
431	0.561765
432	0.571188
433	0.201572
434	0.484957
435	0.24543
436	0.538242
437	0.120176
438	0.577442
439	0.537024
440	0.302092
442	0.351743
443	0.039874
444	0.513337
445	0.440493
446	0.428089
447	0.040265
448	0.088143
449	0.244828
450	0.40153
451	0.434377
452	0.54388
453	0.071342
454	0.027403
455	0.454637
456	0.560357
457	0.286658
458	0.458812
459	0.20921
460	0.56847
461	0.567279
462	0.400678
463	0.521993
465	0.56769
466	0.210867
467	0.039837
468	0.024268
469	0.336851
470	0.308752
471	0.466992
472	0.122783
473	0.507306
474	0.366677
477	0.209158
478	0.154115
479	0.529634
480	0.15902
481	0.473506
482	0.446494
485	0.121557
486	0.205464
487	0.510411
488	0.432902
489	0.382097
490	0.309577
491	0.222181
492	0.566286
493	0.539787
494	0.402931
495	0.466467
496	0.538928
497	0.578735
498	0.094174
499	0.067046
500	0.578626
502	0.24229
503	0.551996
504	0.482649
505	0.234927
506	0.557888
507	0.572493
508	0.309054
509	0.209299
510	0.431238
511	0.495999
512	0.480874
513	0.555704
514	0.570352
515	0.552062
516	0.249084
518	0.283278
519	0.37927
520	0.551386
521	0.370849
522	0.201122
523	0.530124
524	0.556403
525	0.576021
527	0.526068
528	0.323783
529	0.230396
530	0.145487
531	0.471394
532	0.093942
533	0.122295
534	0.19638
535	0.257358
536	0.433947
537	0.513649
539	0.425677
540	0.197242
541	0.266271
542	0.55409
543	0.412367
544	0.573335
545	0.560631
546	0.478522
547	0.471149
548	0.482446
550	0.028173
551	0.240161
552	0.041599
553	0.564887
554	0.309146
555	0.496804
556	0.552892
557	0.530758
558	0.382238
559	0.575727
560	0.515006
561	0.587366
562	0.126781
565	0.42924
567	0.574806
568	0.204665
569	0.312243
570	0.47159
571	0.071585
572	0.034358
591	0.568445
656	0.113006
669	0.503305
604	0.511612
645	0.487153
646	0.282352
666	0.292236
683	0.493394
587	0.214575
590	0.26952
614	0.512914
634	0.364684
680	0.285204
586	0.167036
610	0.129671
652	0.080416
673	0.140379
676	0.391733
620	0.352493
574	0.203951
630	0.42257
678	0.340624
593	0.193174
609	0.42464
573	0.395264
575	0.262
576	0.183999
577	0.226759
578	0.214776
579	0.389619
581	0.037009
582	0.213852
583	0.242783
584	0.247257
585	0.023939
588	0.24918
589	0.306828
592	0.368831
594	0.069958
595	0.200718
597	0.306296
598	0.258762
599	0.194447
600	0.204471
602	0.039829
603	0.269582
605	0.359762
607	0.041424
608	0.017888
611	0.248985
612	0.246502
613	0.02899
615	0.214999
616	0.264187
617	0.34919
618	0.306249
619	0.365373
621	0.091874
622	0.224907
623	0.323484
624	0.032657
625	0.319527
626	0.241325
627	0.220587
628	0.207081
631	0.239119
632	0.2197
633	0.26439
635	0.237982
636	0.310317
638	0.035051
639	0.212617
640	0.200738
642	0.053199
643	0.252317
644	0.357886
647	0.186923
648	0.087225
650	0.217428
653	0.366915
654	0.409559
655	0.155031
657	0.144927
658	0.184003
659	0.216078
660	0.078554
661	0.219708
662	0.167363
663	0.173028
664	0.2664
665	0.213441
667	0.046162
668	0.017366
670	0.281545
671	0.172986
672	0.209643
674	0.023788
675	0.267135
677	0.279911
679	0.186011
681	0.214627
682	0.192902
684	0.255576
685	0.259205
1967	0.087638
3437	0.436014
3454	0.21126
3487	0.073731
3723	0.046826
3861	0.141894
3961	0.091379
3980	0.00179
3989	0.000525
4011	0.023385
4031	0.006754
686	0.052761
687	0.050485
688	0.053087
689	0.011367
690	0.017012
691	0.003481
692	0.002087
693	0.04287
694	0.065427
695	0.05281
696	0.061557
697	0.078762
698	0.097878
699	0.001394
700	0.025444
701	0.05717
702	0.003989
703	0.050671
704	0.017821
705	0.054835
706	0.0438
707	0.012332
708	0.046779
709	0.038569
710	0.014912
711	0.075491
712	0.004877
713	0.052461
714	0.01157
715	0.016729
716	0.025647
717	0.011406
718	0.055994
719	0.052154
720	0.032404
721	0.004637
722	0.03001
723	0.024806
724	0.047472
725	0.00439
726	0.058012
727	0.078747
728	0.049059
729	0.038316
730	0.030983
731	0.051151
732	0.031416
733	0.009641
734	0.021429
735	0.006093
736	0.025964
737	0.040386
738	0.036608
739	0.052983
740	0.01334
741	0.021693
742	0.01667
743	0.014016
744	0.001778
745	0.089574
746	0.025103
747	0.080847
748	0.050612
749	0.001218
750	0.002706
751	0.045093
752	0.050495
753	0.035751
754	0.060792
755	0.05002
756	0.028116
757	0.00356
758	0.038715
759	0.016049
760	0.05867
761	0.01435
762	0.030639
763	0.021362
764	0.047645
765	0.026861
766	0.067291
767	0.014697
768	0.008143
769	0.022629
770	0.033677
771	0.013994
772	0.065467
773	0.061723
774	0.046138
775	0.008514
776	0.009535
777	0.040725
778	0.021508
779	0.037638
780	0.059698
781	0.035353
782	0.005145
783	0.043335
784	0.071312
785	0.004499
786	0.017801
787	0.051015
788	0.0028
789	0.024385
790	0.019183
791	0.00953
792	0.048532
793	0.039562
794	0.036774
795	0.027051
796	0.018037
797	0.050433
798	0.010488
799	0.011035
800	0.064078
801	0.008693
802	0.003345
803	0.028168
804	0.026289
805	0.040958
806	0.011067
807	0.052845
808	0.027467
809	0.032919
810	0.031894
811	0.014036
812	0.02486
813	0.020045
814	0.058839
815	0.056697
816	0.015717
817	0.053909
818	0.02793
819	0.04539
820	0.053323
821	0.007611
822	0.010042
823	0.08024
824	0.050797
825	0.016207
826	0.036992
827	0.080312
828	0.060084
829	0.035321
830	0.066091
831	0.032246
832	0.008118
833	0.013318
834	0.051092
835	0.045219
836	0.028722
837	0.024147
838	0.028163
839	0.01082
840	0.053241
841	0.001377
842	0.054429
843	0.045001
844	0.025997
845	0.048618
846	0.007452
847	0.04902
848	0.020758
849	0.051644
850	0.008264
851	0.005288
852	0.001424
853	0.085841
854	0.003709
855	0.002315
856	0.065633
890	0.017472
857	0.138799
858	0.007031
859	0.00124
860	0.039735
861	0.011
862	0.319403
863	0.014546
864	0.01463
865	0.032847
866	0.001463
867	0.002199
868	0.033271
869	0.012293
870	0.015442
871	0.018621
872	0.008163
873	0.008408
874	0.000785
875	0.008289
876	0.016509
877	0.006601
878	0.035011
879	0.002389
880	0.045709
881	0.002723
882	0.012357
883	0.001797
884	0.001748
885	0.01382
886	0.010696
887	0.01412
888	0.010012
889	0.030988
891	0.001674
892	0.005742
893	0.013592
894	0.012667
895	0.008794
3456	0.386474
3495	0.359901
3586	0.405625
3621	0.154573
3626	0.058066
3797	0.340245
3501	0.446806
3517	0.2177
3550	0.236593
3577	0.391399
3592	0.155182
3609	0.286096
3633	0.431008
3677	0.412268
3684	0.443491
3721	0.340146
3779	0.210149
3872	0.148433
3948	0.411498
2678	0.149
2760	0.201109
2822	0.237076
2883	0.335184
2941	0.23792
2968	0.300017
3005	0.54278
3057	0.302199
3136	0.545442
3164	0.188485
3222	0.165028
3245	0.28513
3248	0.467834
3263	0.542857
3278	0.359564
3328	0.395256
3361	0.250149
3440	0.307227
3525	0.340723
3540	0.36226
3556	0.214704
3561	0.209594
3651	0.382679
3674	0.33441
3692	0.367314
3741	0.267041
3750	0.330542
3756	0.393979
3830	0.418401
3851	0.372976
3877	0.472317
3886	0.395541
3943	0.32637
3962	0.34152
2677	0.287019
2826	0.23228
2724	0.538319
2752	0.129287
2775	0.438745
2869	0.542622
2892	0.445982
2962	0.281738
3001	0.498698
3019	0.561817
3100	0.478512
3162	0.555048
3168	0.552226
3233	0.538794
3295	0.510659
3304	0.464907
3331	0.477544
3366	0.543959
3404	0.393112
3406	0.552347
3412	0.483211
2813	0.412426
2971	0.084528
3034	0.509371
3178	0.352023
3410	0.325615
3420	0.393521
2976	0.500114
3011	0.512877
3179	0.536286
3289	0.368336
1920	0.570064
1941	0.568287
1948	0.577653
1959	0.580621
2028	0.575806
2047	0.577987
2053	0.575306
2065	0.471508
2087	0.560886
2125	0.56721
2132	0.57848
2134	0.579225
2148	0.565543
2149	0.56385
2169	0.563456
2191	0.574018
2194	0.580151
2196	0.574283
2198	0.550706
2239	0.537537
2266	0.556529
2282	0.574986
2285	0.559948
2293	0.561498
2315	0.57921
2328	0.579787
2332	0.580488
2333	0.571889
2338	0.569255
2347	0.580059
2351	0.56081
2368	0.576499
2372	0.566814
2385	0.561245
2399	0.56821
2420	0.577442
2496	0.422347
2501	0.562204
2509	0.574754
2512	0.579173
2516	0.56715
2530	0.520659
2542	0.58184
2555	0.570371
2567	0.569547
2592	0.566819
2597	0.564994
2608	0.572842
2642	0.57255
2725	0.143285
2734	0.376843
2764	0.391077
2964	0.322862
3020	0.43028
3062	0.473372
3079	0.535682
3165	0.159648
3205	0.240287
3258	0.543721
3386	0.557586
3409	0.30716
2693	0.289765
2979	0.324412
3101	0.567452
3265	0.536083
3385	0.529656
1913	0.364613
1916	0.577024
1940	0.574853
1947	0.578475
1954	0.571476
1994	0.55483
2002	0.575744
2010	0.572922
2026	0.569718
2052	0.547024
2062	0.572028
2101	0.559406
2137	0.542293
2144	0.575385
2151	0.573333
2163	0.501
2176	0.584751
2215	0.539777
2241	0.57105
2246	0.581102
2273	0.58256
2294	0.567101
2295	0.417046
2298	0.417811
2343	0.569364
2344	0.582998
2355	0.476937
2377	0.571164
2389	0.472657
2394	0.563511
2413	0.378376
2419	0.55618
2465	0.532803
2468	0.568131
2519	0.528943
2544	0.477054
2582	0.573112
2588	0.576635
2594	0.574714
2605	0.341221
2609	0.561332
2616	0.567811
2903	0.168606
2938	0.375249
2999	0.363134
3201	0.57177
3319	0.425298
3355	0.549339
3097	0.518841
2707	0.293679
3111	0.535469
3186	0.425378
2661	0.559329
2662	0.499072
2663	0.374964
2664	0.556373
2665	0.53723
2666	0.555774
2667	0.372352
2668	0.385605
2669	0.556715
2670	0.144387
2671	0.116521
2672	0.5367
2673	0.480829
2674	0.552013
2675	0.506408
2676	0.580782
2679	0.551245
2680	0.541255
2681	0.540191
2682	0.317579
2683	0.566531
2684	0.459282
2685	0.259686
2686	0.419993
2687	0.400287
2688	0.18541
2689	0.563048
2690	0.45791
2691	0.066214
2692	0.190114
2694	0.556514
2695	0.266965
2696	0.351723
2697	0.281684
2698	0.559156
2699	0.116893
2700	0.26338
2701	0.466234
2702	0.399314
2703	0.142072
2705	0.478656
2706	0.542894
2708	0.485932
2709	0.213003
2710	0.221577
2711	0.451144
2712	0.562315
2713	0.462553
2714	0.057485
2715	0.486073
2716	0.570059
2717	0.544806
2718	0.496113
2719	0.558309
2720	0.534598
2721	0.105796
2722	0.118203
2723	0.291731
2726	0.269436
2727	0.238356
2728	0.513204
2729	0.533852
2730	0.558928
2731	0.497356
2732	0.081523
2733	0.419525
2735	0.338294
2736	0.134833
2737	0.387064
2738	0.565274
2739	0.419856
2741	0.557967
2742	0.547195
2743	0.547277
2744	0.288108
2745	0.495999
2746	0.283652
2747	0.283048
2748	0.534385
2749	0.526108
2750	0.56056
2751	0.463075
2753	0.558247
2754	0.559022
2755	0.559379
2756	0.540188
2757	0.541634
2758	0.53303
2759	0.351404
2761	0.46202
2762	0.368747
2763	0.538423
2765	0.543865
2766	0.267004
2767	0.085754
2768	0.497393
2769	0.242518
2770	0.520178
2771	0.255915
2772	0.422216
2773	0.557217
2774	0.044353
2776	0.05668
2777	0.553659
2778	0.558975
2779	0.392377
2780	0.522867
2781	0.541023
2782	0.539339
2783	0.479116
2784	0.393746
2785	0.512694
2786	0.541874
2787	0.546343
2788	0.028576
2789	0.310384
2790	0.231594
2791	0.22872
2792	0.058462
2793	0.555902
2794	0.412062
2795	0.392459
2796	0.56255
2797	0.424422
2798	0.098854
2799	0.103298
2800	0.569525
2801	0.258217
2802	0.280218
2803	0.385769
2804	0.213456
2805	0.096712
2806	0.537274
2807	0.313949
2808	0.054895
2809	0.332818
2810	0.534016
2811	0.183793
2812	0.369626
2815	0.533184
2816	0.283382
2817	0.033268
2818	0.313919
2819	0.422253
2820	0.267903
2821	0.224863
2823	0.492966
2824	0.111364
2825	0.396663
2827	0.559923
2828	0.581793
2829	0.426757
2830	0.469428
2831	0.369572
2832	0.420906
2833	0.558413
2834	0.121649
2835	0.54928
2836	0.437173
2837	0.241832
2839	0.557034
2840	0.49381
2841	0.447346
2842	0.017556
2843	0.443595
2844	0.409265
2845	0.450349
2846	0.434952
2847	0.281478
2848	0.366702
2849	0.571597
2850	0.47513
2851	0.377259
2852	0.344843
2853	0.534479
2854	0.493942
2855	0.108517
2856	0.326826
2857	0.053595
2858	0.295157
2859	0.412783
2860	0.101696
2861	0.078562
2862	0.540998
2863	0.557212
2864	0.555717
2865	0.50049
2866	0.55512
2867	0.565326
2868	0.376103
2870	0.394457
2871	0.496306
2872	0.571696
2873	0.558809
2874	0.507388
2875	0.554858
2876	0.373994
2877	0.559393
2878	0.27002
2879	0.157272
2880	0.554548
2881	0.499596
2882	0.2059
2884	0.109609
2886	0.084355
2887	0.546172
2888	0.284845
2889	0.126744
2890	0.54105
2891	0.440002
2893	0.153429
2894	0.553028
2895	0.183303
2896	0.551243
2897	0.550314
2898	0.201322
2899	0.109671
2900	0.307685
2901	0.559973
2902	0.070201
2904	0.565826
2905	0.552899
2906	0.545586
2907	0.467284
2908	0.483365
2909	0.565103
2910	0.555147
2911	0.567088
2912	0.564466
2913	0.56948
2914	0.515442
2915	0.565145
2916	0.566388
2917	0.396063
2918	0.409448
2919	0.565581
2920	0.55055
2921	0.494959
2922	0.060508
2923	0.325204
2924	0.516898
2925	0.567121
2926	0.137742
2927	0.534811
2928	0.532728
2929	0.533674
2930	0.032268
2931	0.546259
2932	0.523167
2933	0.183231
2934	0.406341
2935	0.170312
2936	0.558576
2937	0.547351
2939	0.545048
2940	0.535521
2942	0.286729
2943	0.53281
2944	0.556081
2945	0.536195
2946	0.541555
2947	0.383385
2948	0.423233
2949	0.19568
2950	0.517621
2951	0.554046
2952	0.041899
2953	0.531032
2954	0.283226
2955	0.521072
2956	0.564625
2957	0.223766
2958	0.484662
2959	0.154781
2960	0.562501
2961	0.265182
2963	0.132523
2965	0.378883
2966	0.537494
2967	0.453251
2969	0.569881
2970	0.532355
2972	0.144561
2973	0.565697
2974	0.551528
2975	0.066244
2977	0.481079
2978	0.2849
2980	0.141282
2981	0.4336
2982	0.134296
2983	0.230815
2984	0.432389
2985	0.561911
2986	0.558492
2987	0.428163
2988	0.554402
2989	0.54155
2990	0.267891
2991	0.569067
2992	0.537279
2993	0.57152
2994	0.548158
2995	0.328675
2996	0.482718
2997	0.162478
2998	0.09338
3000	0.564937
3002	0.543189
3004	0.548576
3006	0.043815
3007	0.433276
3008	0.144575
3009	0.372075
3010	0.423137
3012	0.218888
3013	0.341968
3014	0.509178
3015	0.235321
3016	0.44643
3017	0.566284
3018	0.447262
3021	0.531367
3022	0.554692
3023	0.502926
3024	0.333053
3025	0.503159
3026	0.568594
3027	0.563533
3028	0.137742
3029	0.554665
3030	0.142109
3031	0.042558
3032	0.356096
3033	0.560626
3035	0.574362
3036	0.495038
3037	0.043659
3038	0.558779
3039	0.44739
3040	0.532327
3041	0.374392
3042	0.403644
3043	0.336643
3044	0.156058
3045	0.133875
3046	0.510604
3047	0.548287
3048	0.329975
3049	0.559195
3050	0.357593
3051	0.554013
3052	0.535373
3053	0.076658
3054	0.547584
3055	0.025071
3056	0.558606
3058	0.328428
3059	0.087868
3060	0.555095
3061	0.236274
3063	0.150513
3064	0.564788
3065	0.5518
3066	0.128537
3067	0.272751
3068	0.3128
3069	0.331416
3070	0.572213
3071	0.02996
3072	0.508975
3073	0.565145
3074	0.053914
3075	0.379738
3076	0.566264
3077	0.537492
3078	0.561641
3080	0.409408
3081	0.391612
3082	0.580983
3083	0.127695
3084	0.562563
3085	0.517358
3086	0.492624
3087	0.536771
3088	0.246974
3089	0.536358
3090	0.557821
3091	0.037489
3092	0.290649
3093	0.333226
3094	0.17535
3095	0.235472
3096	0.538477
3098	0.571533
3099	0.180597
3102	0.53743
3103	0.325199
3104	0.568913
3105	0.11899
3106	0.544315
3107	0.517373
3108	0.550795
3109	0.340926
3110	0.37182
3112	0.321542
3113	0.56748
3114	0.518715
3115	0.554231
3116	0.545999
3117	0.570577
3118	0.542463
3119	0.562597
3120	0.579255
3121	0.089542
3122	0.035796
3123	0.45561
3124	0.420144
3125	0.085021
3126	0.041971
3127	0.052775
3128	0.09716
3129	0.474335
3130	0.23175
3131	0.065088
3132	0.569034
3133	0.240352
3134	0.082174
3135	0.49874
3137	0.528819
3138	0.286088
3139	0.331436
3140	0.549599
3141	0.081703
3142	0.530802
3143	0.125801
3144	0.311292
3145	0.580302
3146	0.558807
3147	0.060074
3148	0.440607
3149	0.562142
3150	0.570342
3151	0.320961
3152	0.567507
3153	0.218378
3154	0.557492
3155	0.175977
3156	0.301122
3157	0.24516
3158	0.519604
3159	0.222998
3160	0.477108
3161	0.154605
3163	0.447702
3166	0.521008
3167	0.324694
3169	0.564258
3170	0.471862
3171	0.326497
3172	0.557059
3174	0.545761
3175	0.166073
3176	0.384065
3177	0.494318
3180	0.063659
3181	0.058963
3182	0.552057
3183	0.047212
3184	0.53355
3185	0.551362
3187	0.433367
3188	0.517212
3189	0.363273
3190	0.27131
3191	0.519091
3192	0.303486
3193	0.45767
3194	0.313664
3195	0.542919
3196	0.512627
3197	0.242902
3198	0.563201
3199	0.432679
3200	0.047051
3202	0.269413
3203	0.424778
3204	0.533488
3206	0.560136
3207	0.448819
3208	0.268774
3209	0.410458
3210	0.341599
3211	0.425439
3212	0.443669
3213	0.513741
3214	0.555204
3215	0.41077
3216	0.074674
3217	0.186618
3218	0.054345
3219	0.47895
3220	0.549846
3221	0.438309
3223	0.434202
3224	0.536432
3225	0.400411
3226	0.549648
3227	0.101174
3228	0.541919
3229	0.277871
3230	0.028643
3231	0.423402
3232	0.553164
3234	0.456932
3235	0.234989
3236	0.383964
3237	0.483439
3238	0.534523
3239	0.548604
3240	0.554105
3241	0.337883
3242	0.268512
3243	0.484617
3244	0.275024
3246	0.280879
3247	0.547004
3249	0.30773
3250	0.503956
3251	0.076247
3252	0.569591
3253	0.528599
3254	0.260901
3255	0.473038
3256	0.527663
3257	0.509039
3259	0.429502
3260	0.457861
3261	0.547779
3262	0.45124
3264	0.495608
3266	0.135011
3267	0.548264
3268	0.043003
3269	0.158673
3270	0.194647
3271	0.060983
3272	0.5054
3273	0.427259
3274	0.561691
3275	0.412308
3276	0.35483
3277	0.560005
3279	0.368918
3280	0.554848
3281	0.273216
3282	0.037158
3283	0.14386
3284	0.581156
3285	0.447955
3286	0.440357
3287	0.541057
3288	0.539371
3291	0.568056
3292	0.281094
3293	0.54997
3294	0.431186
3296	0.502926
3297	0.569131
3298	0.520436
3299	0.570129
3300	0.320451
3301	0.536658
3302	0.533573
3303	0.491713
3305	0.068492
3306	0.428888
3307	0.395217
3308	0.170106
3309	0.160257
3310	0.110661
3311	0.160302
3312	0.277314
3313	0.456729
3314	0.093726
3315	0.323469
3316	0.513622
3317	0.148784
3318	0.172473
3320	0.561669
3321	0.544764
3322	0.065506
3323	0.18386
3324	0.553253
3325	0.142273
3326	0.322773
3327	0.483006
3329	0.372243
3330	0.56435
3332	0.535363
3333	0.160163
3334	0.187232
3335	0.550644
3336	0.046477
3337	0.442691
3338	0.175764
3339	0.551342
3340	0.357088
3341	0.464209
3342	0.525831
3343	0.242295
3344	0.532642
3345	0.506259
3346	0.494699
3347	0.542746
3348	0.543417
3349	0.254471
3350	0.559921
3351	0.568287
3352	0.333404
3353	0.557893
3354	0.052936
3356	0.347492
3357	0.330156
3358	0.212325
3359	0.36585
3360	0.553897
3362	0.544764
3363	0.544986
3364	0.536762
3365	0.520074
3367	0.269631
3368	0.173607
3369	0.545952
3370	0.228153
3371	0.379834
3372	0.047846
3373	0.339332
3374	0.322832
3375	0.095308
3376	0.109861
3377	0.43209
3378	0.552597
3379	0.48746
3380	0.346286
3381	0.552711
3382	0.169044
3383	0.307792
3384	0.526492
3387	0.561441
3388	0.210899
3389	0.159978
3390	0.402104
3391	0.530735
3392	0.316799
3393	0.369213
3394	0.456412
3395	0.531986
3396	0.552018
3397	0.553899
3398	0.16205
3399	0.52589
3400	0.469572
3401	0.129121
3402	0.266299
3403	0.549995
3405	0.246583
3407	0.052025
3408	0.087631
3411	0.532072
3413	0.065779
3414	0.407408
3415	0.443147
3416	0.543516
3417	0.564613
3418	0.259619
3419	0.563719
3421	0.387685
3422	0.521698
3423	0.173937
3424	0.176155
3425	0.141765
3426	0.561458
3427	0.16075
3428	0.155786
3429	0.170015
3430	0.369228
3431	0.356784
3432	0.169029
3433	0.558059
3434	0.553857
3435	0.510488
3436	0.181429
2003	0.551988
2031	0.533491
2155	0.50002
2185	0.408918
2325	0.569829
2330	0.544249
1914	0.513602
1915	0.207804
1917	0.564788
1918	0.580067
1919	0.551228
1921	0.523773
1922	0.271783
1923	0.54637
1924	0.118715
1925	0.562231
1927	0.54721
1928	0.418086
1929	0.57286
1930	0.24252
1931	0.50844
1933	0.198482
1934	0.259787
1935	0.555511
1936	0.292072
1937	0.087584
1938	0.564808
1942	0.494536
1943	0.571533
1944	0.491842
1946	0.571988
1949	0.185917
1950	0.335422
1952	0.323528
1953	0.577546
1956	0.070592
1957	0.534697
1958	0.505187
1960	0.514105
1961	0.130329
1962	0.571174
1963	0.557608
1964	0.556885
1965	0.355712
1966	0.566101
1968	0.498002
1969	0.120248
1970	0.561176
1971	0.561218
1974	0.162615
1975	0.49208
1977	0.185566
1978	0.291468
1979	0.565997
1980	0.546068
1981	0.531669
1982	0.384132
1983	0.574608
1984	0.571505
1985	0.583224
1986	0.575194
1987	0.541141
1988	0.312468
1989	0.551134
1990	0.348537
1992	0.208683
1993	0.571879
1996	0.081453
1997	0.561632
1999	0.552156
2000	0.483164
2005	0.575912
2006	0.549262
2008	0.130782
2011	0.527452
2012	0.351703
2013	0.218524
2014	0.264065
2015	0.083516
2016	0.356784
2017	0.120884
2019	0.400782
2020	0.563243
2021	0.554501
2022	0.53385
2023	0.388871
2025	0.452662
2029	0.500248
2030	0.573013
2033	0.573451
2034	0.120141
2035	0.458871
2036	0.376781
2037	0.581835
2040	0.558324
2041	0.136482
2043	0.576323
2044	0.449364
2045	0.56561
2046	0.580012
2048	0.371956
2049	0.423563
2050	0.420292
2051	0.187267
2055	0.568428
2056	0.581508
2057	0.553003
2058	0.579943
2059	0.560371
2060	0.574241
2061	0.559842
2063	0.575952
2064	0.575927
2066	0.23335
2067	0.5138
2069	0.576343
2070	0.269921
2073	0.576091
2074	0.575947
2075	0.561941
2076	0.220886
2077	0.577442
2078	0.571149
2079	0.040837
2080	0.19485
2082	0.289114
2083	0.566831
2084	0.572721
2085	0.437987
2086	0.577534
2088	0.570936
2089	0.425638
2090	0.57441
2091	0.468953
2092	0.546442
2093	0.576207
2094	0.073058
2095	0.564419
2096	0.433129
2097	0.50077
2098	0.576046
2099	0.321738
2100	0.129587
2103	0.567858
2104	0.576724
2105	0.252634
2106	0.087878
2107	0.451867
2108	0.565425
2109	0.562082
2110	0.516536
2112	0.575581
2113	0.144112
2114	0.311443
2115	0.572483
2118	0.572766
2119	0.327987
2120	0.32723
2121	0.581112
2122	0.564135
2123	0.563597
2124	0.564652
2126	0.515806
2129	0.502345
2130	0.272565
2131	0.571067
2136	0.576266
2139	0.568344
2140	0.57307
2141	0.395375
2142	0.554147
2145	0.537665
2146	0.35927
2147	0.514419
2150	0.569292
2152	0.285922
2154	0.563387
2156	0.361131
2158	0.204947
2159	0.523177
2160	0.340448
2161	0.577722
2162	0.318814
2164	0.573422
2165	0.576281
2166	0.167744
2167	0.072585
2168	0.052926
2170	0.188911
2172	0.57872
2173	0.420267
2175	0.210614
2177	0.263236
2178	0.047836
2179	0.574882
2181	0.295932
2182	0.217851
2184	0.588222
2186	0.374915
2188	0.579988
2190	0.561854
2192	0.527977
2193	0.234541
2195	0.024194
2197	0.40922
2200	0.554845
2201	0.572872
2202	0.556828
2204	0.060399
2205	0.371216
2206	0.582441
2207	0.378584
2208	0.411936
2209	0.50287
2210	0.559
2211	0.534645
2212	0.578591
2213	0.570604
2214	0.416821
2216	0.574536
2217	0.225586
2218	0.571221
2219	0.175135
2220	0.580671
2221	0.509941
2222	0.537764
2226	0.552355
2227	0.123657
2228	0.417794
2229	0.567403
2230	0.142832
2231	0.428118
2232	0.582575
2233	0.580077
2234	0.458606
2235	0.573102
2236	0.472899
2237	0.579723
2238	0.24542
2240	0.578539
2242	0.504048
2243	0.562803
2244	0.568341
2245	0.060161
2248	0.317997
2249	0.422644
2251	0.215085
2252	0.303414
2253	0.577754
2255	0.116492
2256	0.151441
2257	0.57772
2258	0.553298
2259	0.531711
2260	0.387717
2261	0.573615
2262	0.334308
2263	0.096606
2265	0.209814
2269	0.010768
2270	0.299426
2271	0.575816
2272	0.47872
2274	0.528259
2275	0.577306
2276	0.566378
2277	0.316759
2278	0.580228
2280	0.57258
2281	0.086256
2286	0.399619
2287	0.567299
2288	0.396323
2290	0.569559
2291	0.331983
2296	0.522278
2297	0.506571
2299	0.572909
2300	0.568807
2301	0.130844
2303	0.449312
2304	0.562389
2305	0.388849
2306	0.580322
2307	0.567982
2308	0.580087
2309	0.561661
2310	0.427272
2311	0.554749
2312	0.380257
2313	0.568438
2314	0.325457
2316	0.180357
2317	0.423862
2318	0.502035
2320	0.230035
2321	0.131805
2322	0.493563
2323	0.575769
2324	0.566205
2326	0.574853
2329	0.576249
2331	0.574662
2334	0.574137
2335	0.452837
2339	0.580342
2340	0.572454
2341	0.436903
2342	0.448007
2345	0.565378
2346	0.478269
2348	0.5697
2349	0.221102
2350	0.479309
2352	0.578195
2353	0.577522
2354	0.559738
2356	0.568227
2357	0.216776
2358	0.142944
2359	0.559032
2360	0.187051
2361	0.51873
2362	0.437943
2363	0.575962
2365	0.543464
2366	0.509898
2367	0.574187
2369	0.570161
2370	0.574927
2371	0.470562
2373	0.281265
2374	0.575147
2375	0.149396
2376	0.58106
2379	0.508307
2380	0.094419
2381	0.575821
2382	0.03611
2383	0.484343
2386	0.550027
2387	0.547113
2388	0.10438
2390	0.541191
2391	0.573919
2392	0.577883
2393	0.484892
2395	0.570069
2396	0.563065
2397	0.403441
2400	0.394021
2401	0.283595
2402	0.27002
2403	0.293899
2404	0.564855
2405	0.297742
2406	0.48948
2407	0.568168
2408	0.570131
2409	0.570087
2410	0.568477
2411	0.412535
2412	0.42074
2414	0.556851
2415	0.542894
2416	0.512686
2418	0.571976
2421	0.07021
2422	0.097472
2423	0.566311
2424	0.222159
2425	0.490733
2426	0.275397
2427	0.453484
2428	0.557631
2429	0.574791
2430	0.557829
2431	0.130069
2432	0.508539
2433	0.564075
2434	0.567299
2435	0.4815
2437	0.011347
2438	0.571305
2439	0.12822
2440	0.482991
2441	0.090168
2442	0.103761
2443	0.387197
2444	0.181919
2446	0.578252
2448	0.447452
2449	0.533065
2450	0.182003
2452	0.277091
2453	0.232384
2454	0.34542
2455	0.255605
2456	0.170109
2457	0.045999
2460	0.556261
2462	0.568787
2464	0.55949
2466	0.142461
2467	0.574746
2469	0.575033
2470	0.029683
2473	0.563177
2474	0.365209
2476	0.517935
2477	0.583112
2478	0.557153
2479	0.523404
2480	0.458401
2481	0.089807
2482	0.570926
2483	0.037532
2484	0.583751
2485	0.568609
2486	0.238032
2487	0.05484
2488	0.468861
2489	0.564154
2490	0.237135
2492	0.582597
2493	0.174917
2495	0.570409
2497	0.420116
2499	0.585182
2500	0.573573
2503	0.321721
2504	0.571374
2505	0.108893
2506	0.576103
2507	0.573543
2513	0.198923
2514	0.252978
2515	0.213424
2517	0.168316
2518	0.563231
2520	0.579247
2521	0.574184
2522	0.33509
2523	0.326645
2524	0.338849
2525	0.475333
2526	0.555375
2527	0.070079
2528	0.138651
2531	0.418834
2532	0.58305
2534	0.300409
2535	0.116549
2536	0.558581
2537	0.582733
2539	0.555085
2540	0.454712
2541	0.027653
2545	0.218661
2546	0.570698
2548	0.132067
2549	0.568923
2550	0.579111
2551	0.563038
2552	0.56431
2553	0.578304
2554	0.579819
2556	0.568425
2557	0.435095
2558	0.197762
2559	0.570807
2560	0.568113
2561	0.57338
2562	0.286754
2563	0.578866
2564	0.571473
2565	0.058542
2566	0.427512
2568	0.293491
2569	0.047933
2570	0.328705
2572	0.401916
2573	0.569255
2574	0.570577
2575	0.560352
2576	0.545576
2577	0.345977
2578	0.565581
2579	0.572416
2580	0.162364
2581	0.389537
2584	0.355115
2585	0.529552
2586	0.576296
2587	0.286898
2590	0.569208
2591	0.557036
2593	0.573729
2595	0.03538
2596	0.021032
2599	0.371208
2600	0.575531
2601	0.571639
2602	0.58717
2603	0.569289
2604	0.575754
2606	0.560196
2607	0.57898
2610	0.541847
2611	0.567527
2612	0.479428
2613	0.487232
2614	0.255821
2615	0.568626
2618	0.388963
2619	0.560366
2620	0.553419
2621	0.097197
2622	0.253112
2623	0.565524
2624	0.568074
2625	0.577465
2626	0.480099
2627	0.535365
2628	0.448777
2630	0.565224
2631	0.56791
2632	0.163288
2633	0.530906
2634	0.074759
2637	0.464184
2638	0.577494
2639	0.515041
2641	0.383605
2644	0.410656
2645	0.548878
2646	0.57694
2648	0.552431
2650	0.223838
2651	0.130329
2652	0.563337
2654	0.567373
2655	0.57335
2656	0.255556
2657	0.566489
2658	0.505236
2659	0.55536
3438	0.26715
3439	0.025652
3441	0.044147
3442	0.286373
3443	0.236665
3444	0.05128
3445	0.061901
3446	0.08389
3447	0.067792
3448	0.347737
3449	0.373399
3450	0.273256
3451	0.038527
3452	0.237202
3453	0.033214
3455	0.289101
3457	0.102208
3458	0.263803
3459	0.150126
3460	0.229552
3461	0.146601
3462	0.310743
3463	0.259752
3464	0.275016
3465	0.115568
3466	0.232067
3467	0.034018
3468	0.277054
3469	0.295085
3470	0.159351
3471	0.334244
3472	0.13642
3473	0.082033
3474	0.176041
3475	0.340498
3476	0.145754
3477	0.097811
3478	0.104803
3479	0.125501
3480	0.360946
3481	0.102644
3482	0.118393
3483	0.100337
3484	0.231109
3485	0.288475
3486	0.290535
3488	0.402003
3489	0.059777
3490	0.03334
3491	0.33303
3492	0.143305
3493	0.291555
3494	0.081976
3496	0.183768
3497	0.291461
3498	0.177378
3499	0.212082
3500	0.189034
3502	0.068923
3503	0.21483
3504	0.083815
3505	0.236767
3506	0.339057
3507	0.12279
3508	0.182013
3509	0.221971
3510	0.205229
3511	0.162897
3512	0.247331
3513	0.032369
3514	0.376868
3515	0.123553
3516	0.109562
3518	0.323736
3519	0.132335
3520	0.134905
3521	0.381057
3522	0.084226
3523	0.103867
3524	0.195556
3526	0.271726
3527	0.317381
3528	0.386866
3529	0.296091
3530	0.049609
3531	0.025734
3532	0.150958
3533	0.191384
3534	0.228485
3535	0.213835
3536	0.055657
3537	0.044494
3538	0.099324
3539	0.114561
3541	0.103741
3542	0.366893
3543	0.191037
3544	0.105439
3545	0.413766
3546	0.075724
3547	0.176514
3548	0.10027
3549	0.076041
3551	0.064437
3552	0.130183
3553	0.242293
3554	0.19287
3555	0.196076
3557	0.351538
3558	0.351498
3559	0.291901
3560	0.046457
3562	0.127274
3563	0.245942
3564	0.223855
3565	0.046195
3566	0.045987
3567	0.052602
3568	0.279138
3569	0.223531
3570	0.019591
3571	0.116977
3572	0.139824
3573	0.330433
3574	0.23925
3575	0.047774
3576	0.378074
3578	0.285056
3579	0.102404
3580	0.037814
3581	0.087977
3582	0.108554
3583	0.126088
3584	0.439178
3585	0.060161
3587	0.092617
3588	0.043701
3589	0.023744
3590	0.275742
3591	0.227381
3593	0.360716
3594	0.133434
3595	0.080324
3596	0.411421
3597	0.05851
3598	0.117655
3599	0.269292
3600	0.105687
3601	0.215826
3602	0.240889
3603	0.136952
3604	0.436497
3605	0.363206
3606	0.027891
3607	0.089426
3608	0.213177
3610	0.094922
3611	0.375375
3612	0.17178
3613	0.098901
3614	0.128772
3615	0.195083
3616	0.045244
3617	0.292419
3618	0.268084
3619	0.076415
3620	0.194466
3622	0.154345
3623	0.231795
3624	0.065155
3625	0.340943
3627	0.245766
3628	0.19284
3629	0.280411
3630	0.22998
3631	0.178636
3632	0.071547
3634	0.217985
3635	0.373855
3636	0.218401
3637	0.028789
3638	0.08152
3639	0.098514
3640	0.3472
3641	0.110379
3642	0.308673
3643	0.282144
3644	0.138623
3645	0.232404
3646	0.285796
3647	0.10177
3648	0.285355
3649	0.181904
3650	0.042827
3652	0.078953
3653	0.042384
3654	0.214808
3655	0.103424
3656	0.28233
3657	0.054387
3658	0.237569
3659	0.096088
3660	0.070228
3661	0.106464
3662	0.07384
3663	0.183501
3664	0.087227
3665	0.076509
3666	0.151226
3667	0.306759
3668	0.158136
3669	0.040079
3670	0.29285
3671	0.107844
3672	0.367314
3673	0.043711
3675	0.076432
3676	0.051084
3678	0.106034
3679	0.064835
3680	0.324338
3681	0.166586
3682	0.044464
3683	0.239
3685	0.169901
3686	0.117098
3687	0.341852
3688	0.055801
3689	0.038797
3690	0.21921
3691	0.025078
3693	0.336786
3694	0.06944
3695	0.132731
3696	0.166742
3697	0.355204
3698	0.20979
3699	0.05389
3700	0.090926
3701	0.072686
3702	0.41772
3703	0.197437
3704	0.0572
3705	0.335194
3706	0.291968
3707	0.272751
3708	0.07875
3709	0.019225
3710	0.280188
3711	0.314741
3712	0.148039
3713	0.262857
3714	0.246029
3715	0.247333
3716	0.022052
3717	0.068153
3718	0.297356
3719	0.205487
3720	0.068524
3722	0.28593
3724	0.05487
3725	0.104402
3726	0.16816
3727	0.043592
3728	0.303736
3729	0.037522
3730	0.306096
3731	0.344474
3732	0.068695
3733	0.057576
3734	0.410057
3735	0.150505
3736	0.200255
3737	0.357002
3738	0.296088
3739	0.075588
3740	0.213082
3742	0.062555
3743	0.112446
3744	0.03232
3745	0.043429
3746	0.047898
3747	0.149502
3748	0.038398
3749	0.046128
3751	0.044942
3752	0.203122
3753	0.254613
3754	0.117145
3755	0.101758
3757	0.134239
3758	0.320163
3759	0.133149
3760	0.241112
3761	0.202691
3762	0.248319
3763	0.188658
3764	0.272558
3765	0.052654
3766	0.077665
3767	0.128443
3768	0.274206
3769	0.164335
3770	0.196455
3771	0.046999
3772	0.073325
3773	0.185499
3774	0.119767
3775	0.078938
3776	0.155771
3777	0.153741
3778	0.107913
3780	0.232902
3781	0.044892
3782	0.319465
3783	0.1341
3784	0.186643
3785	0.211825
3786	0.257192
3787	0.049426
3788	0.197571
3789	0.033729
3790	0.383974
3791	0.160604
3792	0.233882
3793	0.333887
3794	0.338034
3795	0.11206
3796	0.132411
3798	0.025437
3799	0.102768
3800	0.426675
3801	0.059492
3802	0.177329
3803	0.219022
3804	0.396863
3805	0.092585
3806	0.015222
3807	0.013937
3808	0.049126
3809	0.091478
3810	0.30668
3811	0.031248
3812	0.062107
3813	0.093528
3814	0.051812
3815	0.138913
3816	0.031498
3817	0.225182
3818	0.211394
3819	0.094256
3820	0.043526
3821	0.281421
3822	0.265959
3823	0.163885
3824	0.333994
3825	0.252832
3826	0.294192
3827	0.12998
3828	0.349936
3829	0.33356
3831	0.313466
3832	0.212595
3833	0.313523
3834	0.069284
3835	0.279851
3836	0.166452
3837	0.080599
3838	0.359183
3839	0.059408
3840	0.161181
3841	0.363647
3842	0.356962
3843	0.164432
3844	0.036479
3845	0.248569
3846	0.024551
3847	0.14333
3848	0.080923
3849	0.026289
3850	0.186264
3852	0.272144
3853	0.01331
3854	0.03208
3855	0.223986
3856	0.024972
3857	0.07509
3858	0.394137
3859	0.089426
3860	0.379502
3862	0.228502
3863	0.055026
3864	0.053055
3865	0.074927
3866	0.218272
3867	0.217123
3868	0.104783
3869	0.309077
3870	0.25646
3871	0.064011
3873	0.313553
3874	0.064573
3875	0.012711
3876	0.132528
3878	0.132567
3879	0.052065
3880	0.152303
3881	0.197326
3882	0.087314
3883	0.107737
3884	0.329252
3885	0.024858
3887	0.044717
3888	0.104766
3889	0.277529
3890	0.063545
3891	0.328524
3892	0.088108
3893	0.10693
3894	0.078081
3895	0.137881
3896	0.220059
3897	0.032795
3898	0.0869
3899	0.086469
3900	0.361961
3901	0.050522
3902	0.383194
3903	0.234788
3904	0.090805
3905	0.0223
3906	0.389235
3907	0.23279
3908	0.089081
3909	0.24977
3910	0.068906
3911	0.079168
3912	0.117309
3913	0.299106
3914	0.125823
3915	0.268916
3916	0.095147
3917	0.070327
3918	0.14407
3919	0.100748
3920	0.088928
3921	0.259718
3922	0.05489
3923	0.044684
3924	0.298737
3925	0.051203
3926	0.4036
3927	0.269213
3928	0.082062
3929	0.237284
3930	0.358695
3931	0.259953
3932	0.051793
3933	0.162404
3934	0.110946
3935	0.045798
3936	0.112305
3937	0.166259
3938	0.420733
3939	0.037363
3940	0.167539
3941	0.104902
3942	0.037331
3944	0.176133
3945	0.253904
3946	0.060161
3947	0.261991
3949	0.057093
3950	0.162488
3951	0.360349
3952	0.051431
3953	0.045335
3954	0.013211
3955	0.044979
3956	0.217088
3957	0.119057
3958	0.169428
3959	0.025214
3960	0.135766
3963	0.027299
3964	0.147846
3965	0.048851
3966	0.362548
3967	0.096145
3968	0.413924
3969	0.320257
3970	0.108836
3971	0.379161
3972	0.212463
3973	0.090792
3974	0.031362
3975	0.112028
3976	0.216209
3977	0.07767
3978	0.115779
3979	0.133748
3981	0.000654
3982	0.000743
3983	0.005677
3984	0.000339
3985	0.000505
3986	0.006796
3987	0.000448
3988	0.000564
3990	0.005987
3991	0.006331
3992	0.000371
3993	0.006596
3994	0.000542
3995	0.000839
3996	0.000498
3997	0.006878
3998	0.000735
3999	0.000418
4000	0.000624
4001	0.000329
4002	0.000451
4003	0.000535
4004	0.00075
4005	0.000458
4006	0.000386
4007	0.000389
4008	0.005509
4009	0.000634
4010	0.000329
4012	0.000354
4013	0.006167
4014	0.00074
4015	0.000381
4016	0.000436
4017	0.000508
4018	0.00458
4019	0.000515
4020	0.00056
4021	0.000716
4022	0.000282
4023	0.001008
4024	0.000386
4025	0.000495
4026	0.000725
4027	0.000505
4028	0.000406
4029	0.000411
4030	0.001104
4032	0.006341
4033	0.000374
4034	0.000423
4035	0.000361
4036	0.000411
4037	0.000485
4038	0.006492
